   1     9   320   0  -1
   2    20   321   1   1
   3    24   320   0   1
   4    78   324   1   1
   5     6   317   1   1
   6    26   319   1   1
   7    75   323   1   1
   8     1   316   1   1
   9    30   318   1   1
  10    71   321   1   1
  11    88   322   0   1
  12    36   317   0   1
  13    40   317   0   1
  14    49   318   1   1
  15    65   319   1   1
  16    45   317   1   1
  17    55   318   1   1
  18    58   317   0   1
  19    64   318   1   1
  20    61   317   1   1
  21    85   316   1  -1
  22    83   313   0   1
  23    80   304   0   1
  24    78   293   0   1
  25    76   290   0   1
  26    74   287   0   1
  27    71   282   0   1
  28    70   280   0   1
  29    20   263   0   1
  30    65   276   0   1
  31    18   263   1  -1
  32    25   264   1  -1
  33    61   272   0   1
  34    12   259   0   1
  35    10   257   0   1
  36    28   263   1  -1
  37    56   268   0   1
  38    53   265   0   1
  39     9   256   0   1
  40    32   263   1  -1
  41    33   262   1  -1
  42    49   261   0   1
  43   373   281   1   1
  44   383   281   0   1
  45   388   282   1   1
  46     3   245   0   1
  47   368   277   1   1
  48   366   275   0  -1
  49   398   277   0   1
  50   362   272   1   1
  51   356   267   1   1
  52   350   265   1   1
  53   351   266   1   1
  54   355   266   1   1
  55   329   260   0  -1
  56   342   261   1   1
  57   352   266   1   1
  58   357   268   1   1
  59   334   260   1   1
  60   338   260   1   1
  61   324   256   1   1
  62   322   254   0  -1
  63   319   251   1   1
  64   315   249   1   1
  65   234   239   0   1
  66   281   243   1   1
  67   299   244   1   1
  68   230   237   1   1
  69   240   238   0   1
  70   248   239   1   1
  71   254   240   0   1
  72   256   240   1   1
  73   259   241   1   1
  74   267   242   1   1
  75   270   242   1   1
  76   276   242   1   1
  77   298   243   1   1
  78   245   238   1   1
  79   300   245   1   1
  80   302   246   1   1
  81   227   231   0  -1
  82   226   228   0  -1
  83   128   218   1   1
  84   120   216   1   1
  85   226   225   0  -1
  86   114   214   1   1
  87   227   222   0  -1
  88   110   211   1   1
  89   136   212   0   1
  90   104   206   1   1
  91   135   208   0   1
  92   102   204   1   1
  93   227   215   0  -1
  94    96   200   1   1
  95    93   198   1   1
  96   137   202   0   1
  97   228   210   1  -1
  98    88   194   1   1
  99    85   192   1   1
 100   138   197   0   1
 101    80   189   1   1
 102    76   187   1   1
 103   236   202   1  -1
 104   238   200   1  -1
 105   136   188   0   1
 106     1   175   1   1
 107   241   197   1  -1
 108     7   174   1   1
 109    69   179   0  -1
 110   135   185   0   1
 111   334   203   1  -1
 112    10   173   1   1
 113   244   194   1  -1
 114   369   203   0   1
 115   373   204   0   1
 116    13   172   1   1
 117   255   192   0   1
 118   259   193   1  -1
 119   366   201   0   1
 120    65   174   0  -1
 121   260   192   1  -1
 122   331   197   0   1
 123   377   201   0  -1
 124    16   170   0   1
 125    18   170   1   1
 126    25   170   1   1
 127   133   178   0   1
 128   358   199   1  -1
 129   365   200   0   1
 130    28   169   1   1
 131   261   188   0  -1
 132   339   196   0  -1
 133   349   197   1  -1
 134   352   197   1  -1
 135   380   199   1  -1
 136   132   174   0   1
 137   259   186   1  -1
 138   328   191   0   1
 139   381   196   0  -1
 140    33   165   0   1
 141    60   166   1   1
 142   321   189   0   1
 143    35   163   0   1
 144   131   171   0   1
 145   200   177   1   1
 146   317   188   1  -1
 147    39   162   1   1
 148   262   182   1  -1
 149   264   181   1  -1
 150   306   184   0   1
 151   309   185   0   1
 152   199   174   1   1
 153   267   181   1  -1
 154   303   183   0   1
 155   381   190   0  -1
 156    60   160   0  -1
 157   128   165   0   1
 158   275   180   1  -1
 159   279   181   1  -1
 160   300   182   1  -1
 161   196   170   1   1
 162   212   172   0   1
 163   289   180   1  -1
 164   296   180   1  -1
 165    42   156   0   1
 166   382   185   0  -1
 167    59   156   0  -1
 168   124   160   0   1
 169   214   170   1   1
 170   191   166   1   1
 171   219   169   1   1
 172   355   180   1   1
 173   381   182   1   1
 174    40   151   0   1
 175    59   153   0  -1
 176   123   158   0   1
 177   188   164   1   1
 178   345   178   1   1
 179   349   179   1   1
 180   364   180   1   1
 181   186   163   1   1
 182   333   175   1   1
 183    55   150   1   1
 184   327   173   1   1
 185   378   178   1   1
 186    53   148   1   1
 187   182   159   1   1
 188   232   164   1   1
 189   317   171   1   1
 190   369   175   0   1
 191    39   145   0   1
 192   123   152   0   1
 193   311   169   1   1
 194    49   144   1   1
 195   116   150   1  -1
 196   180   156   0  -1
 197   306   167   1   1
 198   378   173   0  -1
 199    36   142   0   1
 200   119   150   1  -1
 201   233   160   1  -1
 202   304   165   1   1
 203   369   171   0   1
 204    46   141   1   1
 205    48   143   1   1
 206   111   147   0   1
 207   244   158   1   1
 208   250   159   0   1
 209   302   164   1   1
 210   377   170   1   1
 211    42   140   1   1
 212   255   158   0   1
 213   300   162   0  -1
 214    34   138   0   1
 215   111   143   0   1
 216   176   150   1   1
 217   259   158   1   1
 218   228   152   0   1
 219   264   156   0   1
 220   336   163   1  -1
 221   343   163   1  -1
 222   349   164   1  -1
 223    40   136   1   1
 224   240   152   1   1
 225   267   155   1   1
 226   325   160   0   1
 227   346   163   1  -1
 228    39   135   1  -1
 229   173   145   1   1
 230   227   149   0   1
 231   276   154   0   1
 232   317   158   0   1
 233    38   131   0   1
 234   106   138   0   1
 235   280   154   1   1
 236   307   156   1  -1
 237   351   159   0   1
 238   171   143   1   1
 239   228   148   1   1
 240   238   148   1   1
 241   283   153   1   1
 242   346   157   1   1
 243   164   140   0  -1
 244   166   141   1   1
 245   233   147   1   1
 246   342   155   1   1
 247   103   133   0   1
 248   144   137   1   1
 249   236   146   1   1
 250   286   150   0   1
 251   140   135   1   1
 252   152   136   1   1
 253   137   133   1   1
 254   154   136   0   1
 255   288   147   0   1
 256   102   128   0   1
 257   161   135   1  -1
 258   343   150   1  -1
 259   102   126   0   1
 260   134   128   0  -1
 261   154   128   0   1
 262   164   130   1  -1
 263   167   131   1  -1
 264   291   141   0   1
 265   102   123   1  -1
 266   132   125   1  -1
 267   169   128   0  -1
 268   307   139   0   1
 269   153   124   0   1
 270   301   137   0  -1
 271   310   138   0   1
 272   350   143   1  -1
 273    99   118   0   1
 274   313   137   1   1
 275   135   120   0  -1
 276   155   121   0   1
 277   160   124   0  -1
 278   172   124   1  -1
 279   288   133   0   1
 280   316   136   1   1
 281   335   137   1   1
 282   298   132   1   1
 283   319   135   1   1
 284   340   135   1   1
 285   354   138   0  -1
 286    96   113   0   1
 287   157   120   0   1
 288   287   130   0   1
 289   322   133   0   1
 290   138   117   1  -1
 291   173   119   1   1
 292   334   133   1  -1
 293   356   135   1  -1
 294    96   109   0   1
 295   160   113   0   1
 296   174   116   0  -1
 297   295   126   0  -1
 298   326   129   0   1
 299   346   131   0   1
 300   357   132   0  -1
 301    92   107   0   1
 302   158   110   0   1
 303   328   127   0   1
 304    91   104   0   1
 305   141   110   1  -1
 306   171   111   1   1
 307   294   122   0  -1
 308   336   125   0  -1
 309    88   102   0   1
 310   143   108   1  -1
 311   154   108   1  -1
 312   169   109   0  -1
 313   361   126   0  -1
 314   166   107   1   1
 315   285   118   0   1
 316   336   123   1   1
 317   354   124   0   1
 318    87   100   0   1
 319   149   107   1  -1
 320   333   121   0   1
 321   163   105   1   1
 322   357   121   0   1
 323   362   121   0  -1
 324    88    97   0   1
 325    89    91   0   1
 326   160    98   0  -1
 327   287   109   0   1
 328   295   110   1  -1
 329   160    95   0  -1
 330   289   107   0   1
 331    87    87   0   1
 332    82    83   0   1
 333   157    88   1   1
 334    80    79   0   1
 335   155    83   0  -1
 336    76    73   0   1
 337   117    78   1   1
 338   120    78   1   1
 339   126    79   1   1
 340   130    79   1   1
 341   133    78   0   1
 342   113    76   1   1
 343    76    71   0   1
 344   105    73   0  -1
 345   136    76   0   1
 346   140    76   1   1
 347    76    68   1   1
 348   141    73   0   1
 349   156    75   1  -1
 350   102    68   0  -1
 351    84    66   0   1
 352    91    65   1   1
 353   157    71   1   1
 354   102    66   1  -1
 355   139    68   0   1
 356   157    69   0  -1
 357    96    62   0   1
 358   103    64   0  -1
 359   151    66   1   1
 360   152    66   1   1
 361   111    63   1  -1
 362   140    65   0   1
 363   142    62   0   1
 364    98    58   0   1
 365   146    61   1   1
 366   111    57   0  -1
 367   100    55   0   1
 368   108    54   1   1
 369   104    51   0   1
